       -0.151299999999999
2.3                      100                        4                    -3.66                    0.225                    0.265         40.7141020793951        0.542391304347826                 215.3776                   1.2475
2.32222222222222                      100                        4                    -6.92                    -0.08                     0.19         58.7114910372931        0.221511961722488                 316.6144                   0.5144
2.31111111111111                      100                        4                    -0.66                     0.25                     0.25         3.35832470414201        0.333173076923077                  17.9376                     0.77
2.33333333333333                      100                        4                     -0.6                     0.11                     0.25         1.91020408163265        0.382114285714286                     10.4                   0.8916
2.32222222222222                      100           0.0308093023255815                   1.1776       0.0736000000000003
2.4                      100                        4                     -1.8                    -0.95                     0.95                     0.25       0.0375000000000001                     1.44       0.0900000000000003
475258098968      0.00420283018867925                   0.1584      0.00990000000000002
2.36666666666667                      100                        4                     -1.8                    -0.95                     0.95        0.257091846855783       0.0380281690140846                     1.44       0.0900000000000003
2.37777777777778                      100                        4                    -1.78                   -0.945                    0.945         0.27705127085335       0.0411728971962617                   1.5664       0.0979000000000001
2.38888888888889                      100                        4                    -1.84                    -0.96                     462.659778106509                   2.325         273.484498551246         5.46564454976304                     0.26        0.715335271628397        0.295234449760766                   3.8576                   0.6856
2.34444444444444                      100                        4                     2.36                    0.175                    0.905        -1.04475281327913         1.19196682464455                  -5.7424                   2.7945
2.33333333333333                      100                        4                   -18.49                    -2.11                     2.14         24.6929877551021       -0.320742857142857                 134.4396         2.35555555555556                      100                        4                  -0.7484
-28.23                   -2.545                    2.575        -327.473282306871        -9.43620283018868                -1817.032                 -22.2275
2.34444444444444                      100                        4                   -35.06                    1.5952.36666666666667                      100                        4                   -54.58                     2.23                     2.96        -1177.45666336044        -5.61621126760563               -6595.0656                 -13.2917
2.37777777777778                      100                        4                   -18.46                     1.39                     1.56         6.44405974320899        0.972168224299066         36.4335999999998                   2.3116
2.35555555555556                      100                        4                   -22.54                     1.58                     1.75         -288.64201495194        -3.72956603773585               -1601.5712                  -8.7852
2.38888888888889                      100                        4                    -1.68                    0.565                    0.885        0.376814277988102        0.909669767441861                   2.1504                   2.1731
2.4                      100                        4                   -44.52                      100                        4                   -54.58                     2.23                     2.96        -1177.45666336044        -5.61621126760563               -6595.0656                 -13.2917
2.37777777777778                      100                        4                   -18.46                     1.39                     1.56         6.44405974320899        0.972168224299066         36.4335999999998                   2.3116
2.35555555555556                      100                        4                   -22.54                     1.58                     1.75         -288.64201495194        -3.72956603773585               -1601.5712                  -8.7852
2.38888888888889                      100                        4                    -1.68                    0.565                    0.885        0.376814277988102        0.909669767441861                   2.1504                   2.1731
2.4                      100                        42.36666666666667                      100                      100                        4                   -54.58                     2.23                     2.96        -1177.45666336044        -5.61621126760563               -6595.0656                 -13.2917
2.37777777777778                      100                        4                   -18.46                     1.39                     1.56         6.44405974320899        0.972168224299066         36.4335999999998                   2.3116
2.35555555555556                      100                        4                   -22.54                     1.58                     1.75         -288.64201495194        -3.72956603773585               -1601.5712                  -8.7852
2.38888888888889                      100                        4                    -1.68                    0.565                    0.885        0.376814277988102        0.909669767441861                   2.1504                   2.1731
2.4                      100                        42.366666666666672.3                      100                        4                    -90.4                   -2.125                    2.115         -2577.3156899811        -2.28369565217391                   -13634                  -5.2525
2.31111111111111                      100                        4                     -1.9                   -0.975                    0.975        0.142289201183432       0.0205528846153848        0.760000000000002       0.0475000000000003
2.32222222222222                      100                        4                    -1.88                    -0.97                     0.97        0.167336828369314       0.0242870813397131        0.902400000000002       0.0564000000000004
2.33333333333333                      100                        4                     -1.8                    -0.95                     0.95        0.264489795918367       0.0385714285714287                     1.44       0.0900000000000003
2.34444444444444                      100                        4                    -1.96                    -0.99                     0.99       0.0570553222074978      0.00836018957345974        0.313600000000001       0.0196000000000001
2.35555555555556                      100                        4                    -1.98                   -0.995                    0.995       0.0285475258098968      0.00420283018867925                   0.1584      0.00990000000000002
2.36666666666667                      100                        4                     -1.8                    -0.95                     0.95        0.257091846855783       0.0380281690140846                     1.44       0.0900000000000003
2.37777777777778                      100                        4                    -1.78                   -0.945                    0.945         0.27705127085335       0.0411728971962617                   1.5664       0.0979000000000001
2.38888888888889                      100                        4                    -1.84                    -0.96                     0.96        0.206350676041103         1.26346153846154                2471.1744                     2.92
2.32222222222222                      100                        4                    -1.52                    0.065                    0.855        0.600513724502644         1.39224401913876                   3.2384                   3.2331
2.33333333333333                      100                        4                     -1.6                    0.285                    0.855        0.470204081632653         1.27932857142857                     2.56                   2.9851
2.34444444444444                      100                        4                    -1.86                     0.31                     0.95        0.189505177332045         1.43982938388626                   1.0416                   3.3756
2.35555555555556                      100                        4                    -1.84                    -0.09                     0.95        0.212232111071556         1.57398113207547                   1.1776                   3.70762.36666666666667                      100                        4                    -1.42                   -0.135                    0.805        0.645300535608014         1.25792957746479                   3.6144                   2.9771
                    -0.24                     1.11        -186.187777777778         1.94566666666667         2.37777777777778                      100                        4                    -1.78                    -0.55                     0.91         0.27705127085335         1.00514018691589                   1.5664                     2.39
-1072.4416                   4.6696
2.38888888888889                      100                        4                    -1.52                    -0.15                     0.82        0.511390805840995         1.28511627906977                   2.9184                     3.07
2.4                      100                        4                    -1.74                    0.185                    0.905        0.314166666666667                        4                   -74.24                    -0.52                     1.71        -2995.94728030153         0.76369014084507              -16780.6336                   1.8074
2.37777777777778                      100                        4                    -1.66                     0.06                      0.9        0.399304742772295         1.44908411214953                   2.2576                   3.4456
2.38888888888889                      100                        4                     -1.5                    -0.57                     0.84        0.525689561925365        0.787144186046512                        3                   1.8804
2.4                      100                        4                     -1.8                     0.78                     0.94                     0.25        0.519333333333333                     1.44                   1.2464
